1
250 250 12 80.4672 6
800 500
1000 
6
382 383 384 340 344 346 
5
381 388 341 342 344 
6
384 385 389 342 345 348 
6
380 387 388 341 342 345 
5
382 384 341 345 346 
6
382 383 386 340 344 345 
5
382 383 343 347 349 
5
386 387 344 347 349 
4
383 384 388 342 
4
385 387 343 345 
6
422 428 429 570 573 577 
6
425 426 428 572 573 577 
3
423 427 579 
6
420 424 427 572 574 577 
5
421 422 428 571 574 
6
420 426 427 571 573 579 
6
420 425 428 573 575 578 
5
424 426 428 576 579 
5
428 429 570 573 575 
6
422 427 429 573 575 579 
6
100 102 105 630 635 636 
6
100 107 109 630 631 636 
4
103 106 636 637 
4
100 106 636 637 
5
104 106 630 631 637 
5
105 106 108 633 636 
4
101 630 631 635 
5
100 105 633 635 637 
5
103 108 633 635 637 
6
100 106 107 637 638 639 
6
750 756 759 550 552 556 
6
751 752 759 551 557 558 
5
750 752 758 554 559 
6
751 753 759 552 553 559 
5
752 754 551 553 556 
5
753 755 756 552 554 
6
750 751 756 551 554 556 
5
750 754 755 550 551 
5
752 754 758 552 557 
5
755 756 757 554 558 
5
712 714 717 885 887 
6
711 713 716 884 885 889 
6
710 714 719 880 882 886 
4
713 714 717 885 
6
710 711 718 883 887 888 
6
713 716 718 883 886 889 
3
715 887 889 
4
719 882 883 889 
5
711 712 719 880 887 
5
712 716 882 883 889 
6
852 854 855 693 697 698 
6
854 855 856 690 695 698 
6
850 856 858 692 695 696 
6
850 852 854 690 691 699 
6
854 856 857 693 694 695 
5
852 855 690 693 697 
6
850 851 854 690 691 695 
6
850 855 857 691 695 698 
6
852 854 856 691 692 695 
6
850 857 859 691 692 693 
3
654 659 189 
5
650 652 656 181 187 
6
654 655 659 180 187 189 
5
656 658 180 183 184 
5
652 655 185 187 189 
5
651 654 658 184 187 
6
650 655 658 182 184 185 
4
654 657 659 181 
6
652 656 657 180 186 189 
4
652 653 658 186 
6
42 44 49 772 775 778 
6
41 48 49 771 776 778 
6
42 45 46 771 776 777 
6
40 44 46 770 771 772 
4
42 772 777 779 
6
46 48 49 772 773 776 
3
45 776 779 
5
42 48 774 776 779 
4
45 47 776 777 
6
42 48 49 774 775 778 
3
811 144 145 
5
812 818 141 144 149 
6
811 812 813 144 145 147 
4
813 815 818 140 
5
813 818 143 144 145 
6
812 813 816 140 141 145 
6
811 816 817 144 146 147 
3
810 811 146 
5
810 812 816 141 148 
4
811 142 146 147 
6
390 394 395 945 946 949 
5
392 397 940 941 947 
4
390 394 941 942 
4
392 395 942 949 
6
393 396 398 941 943 948 
6
392 395 399 944 946 947 
4
390 392 946 947 
4
396 397 398 941 
5
392 396 940 942 945 
6
392 393 398 942 943 948 
5
510 518 401 404 407 
6
511 513 518 401 406 408 
6
511 514 517 401 402 409 
6
511 514 518 401 402 404 
4
512 519 402 405 
6
511 513 514 400 401 409 
4
515 516 519 400 
6
511 513 518 400 404 408 
5
512 514 516 402 404 
6
511 515 518 406 407 409 
6
171 172 178 660 666 669 
6
170 171 174 662 666 669 
6
172 178 179 660 661 664 
5
170 177 660 664 669 
5
170 175 176 660 668 
6
171 174 176 660 661 669 
5
170 171 173 663 665 
4
177 178 660 665 
4
173 177 178 666 
4
170 177 664 666 
6
580 585 588 620 622 623 
4
583 589 623 625 
5
586 589 621 628 629 
6
581 584 585 620 622 625 
6
580 582 584 625 627 628 
5
581 585 587 623 629 
5
580 582 585 623 627 
6
582 583 587 627 628 629 
5
580 584 625 627 628 
5
580 583 623 627 629 
5
833 837 473 475 476 
6
835 837 838 471 473 476 
6
835 836 839 471 475 476 
4
832 839 472 475 
6
832 833 839 470 471 473 
6
830 833 835 471 474 478 
6
833 837 839 472 475 479 
6
830 832 839 473 476 479 
6
830 836 837 471 473 478 
6
830 831 833 470 473 477 
6
974 976 977 291 292 293 
6
973 974 976 294 296 297 
4
976 291 292 294 
6
971 976 978 295 298 299 
6
970 973 974 290 295 297 
4
971 978 295 298 
5
976 977 293 295 299 
6
970 974 977 292 298 299 
4
971 976 979 293 
6
971 975 979 295 296 298 
6
644 646 648 55 58 59 
6
640 644 646 50 51 58 
6
643 644 648 53 55 56 
5
640 642 647 58 59 
6
642 647 648 50 53 57 
5
640 645 52 57 59 
4
643 644 648 52 
6
643 644 649 50 52 56 
3
641 57 58 
5
644 648 54 58 59 
6
745 746 748 371 372 373 
6
740 741 742 371 376 378 
6
741 748 749 371 373 375 
6
741 742 748 373 374 376 
5
742 748 370 371 372 
5
742 748 371 375 377 
5
743 744 374 378 379 
6
740 744 749 373 375 377 
6
741 744 745 370 375 379 
5
743 746 749 376 379 
5
152 155 156 15 17 
4
150 12 13 18 
6
151 156 159 12 13 17 
6
150 154 155 10 12 14 
5
150 155 159 15 16 
6
150 155 159 11 14 16 
5
157 158 10 12 19 
5
150 154 159 11 16 
6
150 152 154 15 17 18 
6
153 156 158 12 17 18 
5
131 132 136 803 805 
4
135 800 807 808 
6
133 134 137 801 803 804 
6
137 138 139 801 802 808 
4
134 136 137 803 
6
131 134 136 800 803 808 
5
130 132 137 802 803 
5
130 132 139 802 808 
5
131 136 803 804 808 
5
132 134 806 807 809 
6
872 873 876 543 546 548 
4
877 541 546 549 
5
871 872 877 541 548 
6
872 873 878 543 544 548 
5
870 874 879 543 549 
3
873 875 541 
6
876 877 879 541 542 548 
6
874 876 877 540 541 543 
5
870 874 876 540 548 
6
870 874 879 540 541 545 
6
200 204 206 962 964 967 
6
205 207 209 961 966 967 
5
201 205 964 965 968 
5
200 207 960 962 963 
5
200 203 965 966 968 
4
200 961 963 969 
5
201 206 960 964 966 
6
202 203 204 964 966 969 
6
201 202 204 962 963 967 
6
201 204 206 962 966 969 
4
222 223 228 820 
5
220 222 226 824 825 
4
222 223 226 823 
4
221 225 229 828 
6
224 225 227 821 825 828 
5
228 229 821 825 828 
4
220 226 821 825 
6
221 225 227 823 824 828 
5
223 224 226 823 827 
6
220 223 228 822 827 828 
5
950 955 958 606 608 
4
955 959 602 608 
4
955 956 602 603 
4
955 600 605 609 
6
956 957 959 602 603 608 
6
951 957 958 602 604 608 
5
951 954 959 607 608 
6
951 958 959 602 607 609 
5
952 958 602 607 608 
5
956 958 600 607 608 
6
252 254 256 860 864 866 
6
250 254 258 861 862 865 
3
255 258 865 
6
253 255 256 864 866 867 
5
257 259 862 863 868 
6
252 256 259 863 868 869 
6
254 256 258 862 867 869 
6
251 255 259 860 863 865 
6
251 253 254 860 864 868 
6
250 255 257 863 867 869 
6
761 763 769 533 534 537 
5
761 765 766 537 538 
5
762 768 530 535 539 
4
760 769 537 539 
5
760 764 530 531 539 
6
761 766 768 531 532 535 
6
760 761 768 531 534 539 
6
760 761 767 531 534 537 
6
764 766 767 531 537 539 
5
760 764 530 534 538 
5
323 325 21 22 25 
6
320 322 324 25 26 28 
6
321 323 329 20 21 25 
5
322 327 21 28 29 
5
323 325 21 23 29 
5
322 328 25 26 28 
5
320 328 329 24 29 
6
320 326 328 22 23 27 
5
320 324 24 25 28 
6
323 325 328 20 22 25 
6
502 505 508 0 2 5 
4
501 505 507 6 
6
504 505 508 1 7 8 
6
503 505 509 0 3 5 
6
502 508 509 2 7 9 
5
505 507 0 4 9 
5
500 505 2 4 5 
6
503 506 509 5 7 8 
6
500 506 509 3 5 6 
6
502 503 507 5 8 9 
4
675 677 679 418 
6
671 674 678 411 415 418 
5
671 673 679 411 414 
6
670 672 675 412 414 416 
6
672 673 677 411 417 419 
6
674 676 679 416 418 419 
5
672 678 679 410 418 
5
672 679 413 416 419 
5
670 672 678 410 416 
5
671 673 675 410 415 
6
161 163 168 310 314 317 
4
162 164 310 316 
4
161 164 165 312 
4
165 168 316 318 
6
164 165 166 312 317 318 
5
166 167 169 316 319 
6
162 163 167 310 314 319 
6
164 165 166 312 316 319 
5
162 164 168 311 318 
6
160 161 163 314 315 319 
5
843 849 71 72 73 
6
841 844 849 72 73 74 
5
843 849 74 76 78 
6
841 843 845 72 73 74 
6
845 846 847 71 73 79 
4
845 848 76 78 
6
842 845 847 71 77 79 
5
841 842 843 73 76 
4
840 847 75 76 
4
844 847 70 77 
4
231 239 567 568 
5
232 234 564 566 568 
6
232 234 236 560 564 567 
6
232 238 239 560 563 564 
5
231 233 238 563 568 
5
233 235 564 566 567 
6
231 235 236 565 568 569 
5
236 237 238 563 569 
5
231 232 236 562 567 
3
238 562 565 
6
904 906 909 730 736 738 
5
903 904 906 731 734 
6
900 906 908 730 733 737 
6
900 902 905 730 731 736 
6
902 905 909 731 734 735 
5
901 907 908 730 737 
6
901 905 906 730 735 738 
4
907 734 737 739 
5
900 908 909 730 739 
6
900 902 907 730 732 734 
5
591 594 304 306 308 
6
593 594 599 303 304 305 
6
590 591 597 300 303 307 
6
594 597 598 302 307 309 
6
592 594 596 300 304 307 
6
590 592 595 301 307 308 
5
591 592 598 301 307 
6
592 595 598 302 307 308 
4
598 300 305 308 
4
594 599 302 309 
6
440 442 447 91 92 94 
5
441 442 447 91 95 
5
441 443 448 92 93 
6
444 448 449 93 94 99 
6
440 446 449 94 96 99 
6
443 444 447 95 97 98 
6
445 446 447 90 92 97 
5
444 445 446 96 98 
3
446 447 95 
4
444 92 95 96 
6
351 352 354 524 525 529 
4
350 352 523 527 
6
355 356 358 521 523 524 
6
351 355 358 522 523 527 
6
351 354 355 520 521 527 
6
351 352 353 521 522 529 
4
356 357 520 521 
5
351 355 357 520 525 
3
355 520 529 
6
351 355 359 523 525 529 
4
245 246 80 81 
4
241 242 81 85 
5
240 246 80 84 88 
6
242 245 249 83 87 88 
6
241 243 245 81 84 89 
6
240 243 248 83 85 88 
5
242 243 248 85 88 
6
242 245 248 82 86 89 
6
245 247 249 82 84 88 
5
247 249 82 83 87 
6
460 461 463 682 683 684 
5
461 462 465 683 686 
6
461 462 467 683 686 688 
6
462 466 469 681 684 689 
4
461 684 685 687 
6
464 465 467 683 685 689 
6
461 466 467 683 684 689 
5
463 464 684 688 689 
4
460 463 465 689 
4
463 464 467 689 
5
281 286 287 30 33 
6
280 282 284 36 37 39 
5
283 287 30 31 35 
6
284 285 286 32 35 39 
5
286 287 30 35 36 
5
283 286 32 35 36 
4
285 289 35 38 
5
284 286 30 34 37 
4
285 32 36 38 
4
280 284 30 38 
5
724 728 112 118 119 
5
720 721 724 116 118 
6
724 725 727 111 114 117 
4
724 725 727 113 
6
724 726 727 111 113 116 
6
720 723 725 115 116 118 
6
721 725 728 115 118 119 
6
722 724 725 112 118 119 
5
721 729 110 115 116 
6
720 725 727 111 116 119 
5
190 196 782 786 788 
5
190 193 781 786 788 
6
195 197 198 781 784 787 
5
198 199 780 781 789 
4
193 195 783 789 
6
191 198 199 781 783 784 
6
192 195 197 780 785 788 
6
192 193 199 781 782 786 
5
195 197 198 780 784 
6
190 192 197 780 784 789 
5
481 489 920 921 923 
5
484 488 921 923 928 
6
480 486 488 921 926 928 
4
484 924 927 928 
4
486 920 924 926 
6
482 485 488 922 924 925 
6
481 488 489 921 925 927 
4
483 488 489 929 
6
484 486 487 922 928 929 
4
482 485 924 929 
5
212 219 360 362 366 
6
212 215 218 361 365 369 
5
211 214 219 364 367 
6
212 218 219 360 361 366 
5
212 215 360 367 369 
5
214 215 360 364 368 
6
210 211 215 364 366 369 
6
213 215 217 364 367 368 
6
210 215 217 361 366 367 
6
215 216 217 362 363 367 
4
790 797 798 892 
6
792 795 796 893 896 898 
4
791 792 798 892 
6
790 792 794 891 893 897 
5
795 799 891 894 899 
5
792 797 799 890 898 
5
792 795 798 893 897 
6
790 792 798 892 897 899 
4
792 798 799 899 
5
793 796 892 893 897 
6
934 936 939 490 496 497 
4
932 933 493 494 
5
933 934 938 492 494 
4
930 937 493 494 
6
934 938 939 497 498 499 
6
934 936 939 490 493 497 
5
930 936 491 497 498 
6
932 934 936 492 493 498 
6
930 931 939 491 492 494 
3
938 491 492 
6
431 434 437 612 618 619 
6
433 436 438 612 615 617 
6
434 436 437 613 615 617 
5
434 438 612 613 619 
6
435 438 439 610 612 618 
6
430 437 439 613 617 618 
5
431 434 437 615 617 
6
430 437 438 617 618 619 
3
430 610 611 
4
435 612 614 619 
6
331 334 339 125 126 127 
5
331 335 120 124 128 
5
331 332 336 125 128 
5
331 334 121 122 124 
6
330 333 337 122 125 127 
5
331 333 121 123 128 
6
334 336 339 120 128 129 
6
330 331 339 124 127 128 
5
331 332 335 122 124 
5
330 334 338 125 126 
4
980 984 988 272 
6
980 984 987 270 273 279 
6
981 986 987 274 276 278 
6
982 984 989 271 273 277 
6
980 984 987 270 271 276 
5
980 982 985 273 279 
4
984 270 271 278 
6
986 987 988 270 274 276 
6
981 982 983 274 277 279 
5
981 983 986 271 278 
6
60 64 68 700 703 707 
6
60 61 62 705 706 709 
6
60 66 67 701 703 708 
3
61 66 701 
3
69 700 705 
6
62 64 68 701 705 707 
6
60 61 64 703 704 708 
5
62 64 67 703 709 
5
66 68 704 705 708 
5
62 66 702 705 707 
6
450 454 459 993 996 999 
6
450 453 454 990 992 994 
6
451 453 455 990 995 997 
5
455 456 990 992 997 
5
456 458 991 997 998 
5
450 457 992 994 996 
6
453 455 458 991 996 998 
6
451 457 459 990 992 997 
4
457 991 994 995 
5
457 459 994 996 997 
6
261 267 268 910 915 917 
5
263 264 267 912 918 
6
263 264 268 916 918 919 
4
264 269 916 919 
6
262 268 269 910 915 917 
5
262 263 264 911 912 
6
261 264 268 915 917 918 
4
262 264 269 917 
6
260 262 268 911 913 915 
5
261 267 910 914 915 
