1
250 250 12 80.4672 10
5 300
60 
4
81 43
152 78
163 103
235 164

1
149 221

5
31 63
73 55
73 84
116 58
155 129

3
23 120
56 167
155 5

5
43 66
108 240
109 29
143 237
188 47

3
118 178
142 100
157 46

4
16 70
99 161
180 232
193 95

1
8 168

1
127 81

3
74 109
119 211
196 80

5
8 83
20 175
48 129
205 242
239 145

1
69 214

4
31 96
40 107
193 188
220 101

2
117 145
168 198

1
5 141

3
57 248
78 170
202 37

4
67 184
104 130
212 122
249 28

3
22 10
42 206
186 213

3
85 15
105 220
244 101

2
67 203
135 242

3
89 178
166 122
188 5

1
240 129

3
46 149
111 207
223 207

3
37 217
117 234
184 151

2
34 198
81 96

3
136 5
163 174
197 236

1
93 38

4
60 203
72 79
90 29
120 228

5
72 44
124 112
204 220
231 209
247 242

1
124 18

4
110 103
162 178
204 220
238 137

3
61 56
224 9
235 5

3
20 212
28 18
142 171

5
21 43
150 214
151 81
154 38
189 205

2
31 102
235 203

3
7 86
162 81
172 156

1
22 47

1
244 162

2
105 86
207 210

2
74 153
139 63

1
101 235

5
109 25
118 188
158 159
214 3
235 104

3
26 159
30 167
207 51

5
55 105
61 145
152 37
192 43
195 108

3
30 127
152 174
154 180

2
128 195
150 159

2
6 25
92 146

5
13 38
52 75
93 158
174 53
249 104

1
193 68

1
113 57

4
6 97
36 186
93 35
155 5

5
5 71
23 164
69 9
141 134
245 139

4
36 125
139 58
139 204
150 93

3
70 197
94 83
159 218

5
62 186
83 87
85 240
193 105
232 22

5
25 9
85 11
118 220
136 197
194 203

5
70 187
73 16
88 95
163 136
247 46

1
177 9

3
81 207
203 201
240 122

2
232 64
239 35

4
33
39
48
50

4
23
32
35
42

2
34
57

3
29
36
59

5
14
29
31
33
59

4
4
10
19
32

5
10
13
27
29
56

2
2
45

3
4
30
41

2
6
39

1
33

1
2

3
29
48
50

1
35

5
16
26
36
42
54

2
6
10

2
2
45

5
8
12
24
50
59

3
33
39
44

4
10
12
42
54

5
14
18
23
24
50

4
2
12
16
27

4
0
20
34
37

5
1
8
31
46
56

1
11

1
13

2
23
25

2
25
48

2
0
29

4
1
39
40
52

5
26
31
45
50
55

1
22

1
4

1
7

2
9
52

4
0
34
36
50

5
5
8
38
49
53

3
19
26
53

2
26
44

2
44
46

2
7
36

1
25

4
12
23
35
55

4
1
15
23
32

5
2
15
25
51
55

2
37
57

2
34
53

2
4
6

2
35
38

5
3
11
30
48
55

3
0
4
55

4
3
5
18
53

1
19

3
11
40
59

5
7
31
36
49
59

1
10

2
15
45

4
7
8
19
44

1
22

4
16
21
31
51

1
34

1
26

1
31

1
21

5
4
5
7
47
52

4
0
8
35
44

3
20
42
43

3
34
44
46

4
2
3
19
57

4
0
1
9
55

3
29
35
38

3
22
32
59

3
29
34
47

5
4
20
21
36
46

3
14
29
44

2
25
44

1
24

4
16
22
31
33

1
6

1
14

5
12
34
50
52
55

4
14
34
53
54

4
5
15
25
30

1
45

5
7
9
19
22
32

5
8
11
25
32
44

3
33
47
48

1
59

3
2
6
36

5
12
18
24
29
46

5
1
20
42
49
58

2
1
2

4
3
45
49
50

5
0
8
18
30
51

3
29
49
50

2
12
38

3
2
18
38

1
54

1
29

1
46

1
17

5
4
22
25
37
52

2
0
10

4
17
39
42
52

5
9
18
29
44
56

3
2
31
39

3
2
18
41

3
31
36
58

1
18

4
14
15
36
38

5
13
18
47
52
59

4
0
4
14
27

1
53

4
31
32
34
58

3
13
47
52

4
2
26
28
29

5
31
33
47
51
53

3
10
57
58

5
20
27
29
31
37

4
21
23
44
51

3
10
23
42

4
24
33
37
38

1
43

2
11
21

4
12
37
43
55

2
11
52

4
13
35
37
56

1
23

3
7
52
57

1
24

2
34
57

4
20
29
32
59

1
59

5
2
13
25
27
41

1
33

4
13
32
45
58

2
4
59

4
5
17
32
34

1
15

5
8
14
39
48
53

5
17
39
45
57
59

1
22

5
17
21
46
57
59

5
4
8
26
38
48

5
0
15
20
29
48

5
11
22
26
34
57

4
30
31
36
38

4
2
46
47
58

4
21
45
53
55

1
31

2
18
19

2
15
48

3
0
16
31

4
13
48
57
59

4
9
31
37
40

2
47
49

4
1
24
42
49

1
26

1
43

1
30

4
9
14
40
44

2
34
57

2
47
59

2
7
22

1
17

2
7
51

2
3
52

1
57

1
38

3
48
55
58

5
19
20
27
32
48

3
14
16
29

3
13
19
29

4
18
23
42
55

4
14
43
46
58

3
2
31
34

4
3
8
33
42

1
27

3
37
40
57

1
6

3
3
18
41

4
23
24
36
54

2
16
43

4
1
7
41
42

1
29

4
6
21
40
49

1
56

3
22
33
53

2
6
40

5
14
16
23
24
36

2
30
31

2
35
51

4
26
29
42
58

1
37

5
0
18
26
45
47

3
6
12
28

3
15
45
52

1
37

3
2
32
47

5
12
19
31
51
58

5
7
11
13
22
57

4
10
24
38
56

1
12

1
10

3
17
27
36

2
36
37

2
22
49

4
2
3
8
41

5
16
22
35
40
43

5
5
11
13
31
34

4
1
22
31
35

2
8
49

2
27
30

3
21
49
58

3
0
3
14

3
7
10
36

5
3
7
28
35
51

5
21
29
36
45
59

1
26

4
12
22
57
59

5
12
21
22
35
45

1
5

4
2
10
28
41

1
37

4
20
26
27
58

1
45

4
0
16
29
40

4
11
13
24
27

4
14
16
26
45

5
5
24
55
56
57

1
36

1
13

3
1
30
52

5
6
22
26
39
42

5
10
18
19
26
38

4
5
9
13
27

1
18

3
20
50
53

3
4
13
42

2
21
28

2
10
56

2
15
44

1
12

1
31

3
1
9
27

1
25

5
14
16
44
46
50

3
16
32
46

1
57

2
12
23

4
5
8
32
44

3
0
1
55

4
24
39
43
55

5
5
16
37
54
57

5
4
9
32
33
58

1
23

5
2
13
22
46
59

4
1
52
55
56

2
27
29

5
7
18
19
22
58

3
5
18
29

1
32

3
23
45
57

5
18
23
35
39
55

1
23

2
23
46

2
43
56

5
7
12
13
47
48

5
4
6
7
36
54

1
36

1
41

3
11
29
41

1
26

1
28

3
10
18
48

5
8
12
24
47
52

5
19
28
38
40
51

2
19
56

2
11
22

4
3
25
28
42

1
42

4
8
21
36
50

2
0
19

3
16
47
56

4
19
20
23
46

1
21

3
27
54
55

2
15
37

5
8
16
44
51
55

2
12
51

2
20
22

5
16
30
35
40
55

2
10
24

1
15

2
11
19

5
21
30
33
41
53

1
11

3
2
27
32

3
3
34
57

4
17
27
29
52

