// Sample input 1 
30 to 14 in 5 minutes

1
250 250 12 2 7
3 10
4
145 47
117 62
161 84
45 113

2
174 80
179 106

1
35 230

5
148 196
78 235
194 31
181 211
7 225

4
193 247
143 90
173 203
89 237

4
168 68
49 60
68 198
40 72

5
170 5
147 30
12 108
93 218
247 225

2
18 13
129 86

5
50 74
146 30
176 31
38 132
93 189

1
56 186




// Sample input 2 
41 to 14 in 11 minutes

1
250 250 12 2 7
3 10
4
90 83
15 229
66 230
247 150

5
93 152
117 36
173 247
212 231
135 86

4
168 137
209 152
33 208
168 27

5
223 206
204 79
148 34
193 127
195 147

4
241 131
189 133
145 179
177 31

4
169 34
161 38
217 207
168 213

5
100 69
16 74
71 94
185 195
236 35

1
8 185

4
105 50
228 223
117 157
161 186

2
243 247
171 223

