1
250 250 12 80.4672 10
3 100
1000 
5
20 138
68 61
72 136
87 190
110 228

3
108 247
160 236
204 106

5
12 157
112 246
130 101
134 51
178 83

1
181 22

5
50 22
64 102
171 185
189 142
239 126

5
115 92
131 41
161 176
191 178
200 205

2
15 72
150 200

4
4 117
29 195
83 176
149 193

5
73 147
166 232
172 29
207 171
246 126

4
131 250
186 31
242 190
245 220

4
31 64
195 116
198 69
246 164

5
19 121
30 132
122 82
233 116
234 223

1
210 206

3
4 32
70 121
155 180

1
31 234

1
96 244

3
121 174
140 1
146 221

2
41 57
98 216

3
7 161
16 208
36 98

1
219 150

2
53 152
239 132

3
61 149
71 57
207 207

5
39 183
41 247
170 41
202 215
243 79

2
58 202
67 164

4
28 12
125 216
216 58
232 25

2
92 146
230 29

3
145 126
192 205
197 142

4
119 152
211 53
223 114
236 26

1
212 70

4
1 83
4 13
217 5
230 181

5
3 110
38 129
43 46
101 77
155 247

4
71 148
150 217
152 78
209 63

4
28 232
186 130
209 80
215 45

5
83 168
102 126
155 71
196 221
213 4

1
184 130

5
26 182
44 145
62 20
98 100
210 112

2
14 44
173 152

2
171 89
196 11

2
157 130
163 50

1
143 18

4
168 62
192 248
216 78
217 137

4
53 90
109 32
193 80
204 31

3
52 98
78 26
195 68

3
2 232
220 116
240 225

3
72 158
76 232
187 194

5
30 213
169 234
182 36
191 145
194 87

3
64 88
114 95
235 162

1
95 34

3
31 105
68 69
147 11

2
150 156
213 4

4
5 89
20 162
36 87
110 119

2
200 35
220 110

2
52 70
247 130

2
109 166
232 228

3
133 157
156 50
244 6

4
64 243
69 35
87 14
193 220

2
138 121
189 88

1
201 44

2
94 23
234 127

2
143 139
147 133

4
49 46
75 92
92 134
119 179

4
33 33
68 217
109 93
183 194

5
72 245
137 66
231 32
231 211
235 126

2
59 4
226 169

4
67 224
169 66
173 155
212 148

3
89 171
105 141
187 27

5
45 194
112 9
157 178
159 3
195 59

1
47 127

2
217 14
235 230

3
52 181
74 118
147 234

2
55 183
136 33

5
71 79
77 1
104 65
136 163
175 192

1
104 75

4
16 163
40 139
119 94
245 154

4
66 195
71 95
130 6
154 243

4
109 162
181 173
187 105
192 235

5
24 50
53 5
118 228
119 113
181 209

4
9 86
52 33
187 155
197 224

1
121 136

1
71 88

4
93 221
130 27
137 51
194 37

5
8 10
34 189
91 140
153 65
236 236

4
16 148
24 9
115 65
213 224

2
52 31
121 100

2
115 109
244 204

4
46 240
86 21
159 225
215 46

4
43 78
68 82
119 81
222 243

5
49 140
86 185
102 75
138 37
194 69

5
45 164
151 125
180 58
185 237
224 158

2
10 227
211 72

3
35 102
103 181
206 174

3
5 234
47 50
63 168

1
96 88

1
77 11

2
151 137
183 150

5
112 14
176 185
176 226
209 131
234 137

1
203 40

1
141 38

4
52 188
136 10
150 67
192 229

5
36 116
71 250
82 191
118 2
155 224

5
65 125
73 7
117 11
174 118
179 41

1
79 36

5
57 113
75 130
109 127
178 47
234 195

2
119 163
225 15

2
30 95
140 237

2
18 34
81 235

2
187 241
217 70

5
104 249
179 204
182 84
186 196
237 186

3
16 171
78 91
204 77

1
222 250

3
81 46
87 14
147 130

2
104 246
122 87

4
5 144
41 115
169 207
209 164

2
161 191
197 189

3
184 240
191 165
247 77

3
44 64
58 16
148 61

3
132 184
198 46
217 186

4
41 168
69 74
97 196
121 94

1
15 97

3
41 70
101 248
116 75

4
36 196
58 189
71 101
209 180

3
6 48
44 143
221 80

3
9 248
130 92
131 58

1
217 191

1
209 97

4
94 120
173 111
192 238
206 159

5
31 79
115 136
181 216
194 238
230 142

5
51 21
55 40
135 240
195 9
223 226

4
73 38
100 223
195 127
245 132

5
50 99
129 244
159 158
189 104
205 100

2
7 180
212 115

5
20 191
22 52
57 160
205 130
209 105

2
73 217
179 16

2
69 93
203 182

3
37 207
110 139
113 158

5
26 34
95 74
115 191
195 169
224 220

2
34 11
41 211

2
142 103
197 158

5
22 225
79 8
80 178
110 16
242 245

2
136 5
197 81

4
149 168
170 2
224 179
225 164

2
30 38
133 217

5
50 85
63 194
211 4
243 197
247 138

3
66 139
73 222
171 46

3
91 19
91 111
206 129

1
194 96

5
18 39
31 13
37 51
134 183
202 234

3
1 94
108 36
150 36

4
43 203
82 91
113 217
218 65

4
39 117
85 32
218 10
223 231

1
160 55

1
22 14

5
109 233
130 232
144 180
197 126
210 114

2
207 227
208 235

5
69 10
91 98
98 248
101 73
124 103

4
19 182
23 48
66 243
154 122

5
7 128
20 227
188 34
213 5
232 7

3
176 36
244 75
244 94

5
29 196
49 150
125 75
201 99
243 232

2
3 2
46 181

5
25 129
25 152
29 98
125 180
158 72

1
161 27

3
70 44
183 21
187 50

1
233 29

1
250 64

1
92 143

2
167 149
228 82

2
74 189
229 43

1
230 194

1
170 197

2
155 114
193 243

3
69 71
104 231
175 112

2
86 135
249 99

2
57 80
236 138

1
88 58

3
122 3
177 43
220 113

2
12 105
182 159

2
123 52
129 113

5
2 113
53 57
140 20
174 16
212 204

1
72 198

2
158 199
188 222

3
31 182
160 222
173 148

1
242 18

2
155 142
208 7

3
18 144
77 85
138 144

3
66 196
68 37
180 124

4
20 39
39 105
229 102
229 230

5
23 15
113 151
123 31
135 130
173 212

5
26 129
32 92
112 206
168 144
234 150

4
88 145
126 76
209 99
223 113

1
56 11

3
52 242
54 246
222 207

3
99 237
120 93
203 53

5
59 10
73 79
101 92
173 6
226 159

3
49 75
70 189
111 244

1
17 215

1
112 36

3
136 245
178 76
241 138

5
15 43
59 227
99 136
119 42
246 193

3
2 179
80 157
157 55

1
182 237

4
113 208
152 196
174 24
247 49

4
23 38
69 208
173 231
195 172

3
170 36
171 108
217 250

1
164 68

4
17 109
44 89
54 16
184 182

1
127 6

4
48 34
85 37
91 231
136 39

1
232 218

5
24 199
91 161
117 203
119 46
163 145

3
20 231
73 181
144 245

2
194 144
207 123

3
115 14
122 13
235 94

2
77 87
124 212

5
16 216
95 205
102 151
231 105
250 116

4
13 141
158 236
190 224
213 249

1
80 208

3
81 144
106 123
153 227

4
37 4
164 241
182 160
197 155

4
80 143
82 212
91 226
176 179

4
6 95
83 242
88 186
176 55

2
97 151
143 6

5
7 5
204 102
218 198
223 107
244 103

3
7 44
74 163
218 114

3
57 169
104 146
111 63

1
178 46

2
115 183
221 65

2
97 16
237 67

1
194 194

3
79 100
198 168
208 184

5
10 220
94 174
136 227
202 118
244 118

2
109 93
212 52

4
53 223
115 164
146 175
152 230

3
7 104
55 37
109 141

2
73 158
194 17

2
167 100
197 153

5
134 146
141 90
141 249
206 26
247 103

4
76 65
117 125
139 206
200 98

2
33 19
171 88

5
55 78
109 199
130 215
202 220
207 238

2
90 114
241 31

5
1 117
33 171
35 55
169 163
183 157

4
65 119
112 19
166 163
198 24

2
203 164
249 234

4
13 135
45 99
165 162
188 243

5
19 191
28 30
70 50
129 18
142 19

1
133 225

3
130 11
140 15
234 2

3
1 73
30 150
43 149

5
48 50
67 199
156 30
199 9
203 21

5
115 44
187 89
199 206
219 98
238 163

4
30 176
110 140
133 179
153 48

1
21 224

2
94 113
139 140

5
5 29
16 87
102 109
227 140
239 140

4
132 201
149 34
205 187
241 173

2
132 168
203 185

5
24 56
79 135
98 136
208 99
238 148

3
1 158
92 160
181 46

1
195 110

2
96 175
196 95

3
12 124
42 225
196 16

3
142 237
152 239
175 218

4
89 48
109 209
135 56
236 207

3
23 70
104 89
145 166

4
85 37
118 90
150 218
227 137

4
80 70
114 218
191 43
237 53

5
26 217
34 52
49 214
56 248
168 174

5
75 241
108 162
120 45
214 99
237 223

1
187 35

5
23 151
102 62
112 36
155 117
239 202

3
79 116
188 92
212 243

3
12 142
16 67
170 66

1
127 23

2
183 187
200 57

1
246 3

3
173 227
204 171
230 178

3
21 165
86 20
221 66

5
18 66
113 60
145 195
215 195
241 178

4
4 210
53 11
72 94
234 200

5
51 36
54 164
73 114
128 11
144 20

4
41 190
108 232
205 4
214 70

2
111 144
219 146

5
17 57
22 168
32 210
61 92
219 117

4
18 192
75 186
163 48
236 160

4
70 158
83 146
186 22
227 138

4
4 94
33 218
97 11
215 33

1
10 247

2
5 39
87 180

4
48 241
66 185
112 87
150 249

3
70 200
98 160
198 43

3
178 217
210 114
232 157

1
17 172

2
14 54
230 176

3
121 5
142 60
143 218

1
52 149

2
94 210
231 185

2
73 189
85 48

1
62 106

1
125 144

2
52 127
81 181

5
72 208
101 43
178 12
205 84
236 56

5
39 23
122 153
165 67
168 233
227 90

2
126 208
217 69

1
51 187

1
63 142

3
111 173
113 243
215 119

3
18 176
155 209
158 94

3
72 128
133 38
163 71

3
57 217
114 22
168 26

5
20 120
61 98
137 243
139 178
216 11

2
106 105
248 114

1
151 96

2
17 78
205 94

4
65 78
103 208
189 117
195 118

5
35 230
74 2
94 18
223 71
243 235

4
42 123
127 90
167 66
225 49

4
27 92
29 202
122 102
205 180

5
36 144
110 71
196 37
225 203
249 121

5
9 196
126 219
140 88
202 101
213 129

2
68 6
215 215

3
4 239
88 53
115 245

5
76 60
88 152
130 84
140 1
166 73

3
71 58
71 95
198 17

4
24 103
120 74
234 167
236 74

3
86 24
186 131
199 220

4
23 151
119 94
145 39
175 111

5
8 4
67 119
153 48
186 23
223 26

5
134 128
139 54
161 203
223 163
232 141

4
42 106
73 226
132 180
214 210

5
67 227
131 47
136 191
186 89
200 145

5
29 139
63 136
179 244
210 196
246 215

5
74 214
113 209
174 9
205 197
228 54

5
35 205
67 57
123 93
153 92
178 127

3
76 52
189 61
190 202

1
38 35

2
76 6
110 216

1
9 120

3
123 247
127 248
173 15

2
10 244
233 116

5
64 239
100 57
128 32
134 13
217 74

5
39 151
158 81
171 17
200 183
232 126

4
13 12
101 145
209 19
220 131

5
108 212
122 83
187 93
197 185
243 219

2
44 234
180 148

1
181 164

3
134 78
156 182
209 129

5
43 148
78 199
104 148
135 141
216 83

5
36 229
54 236
64 122
164 11
232 82

3
12 249
210 132
227 72

2
65 20
97 198

2
74 134
244 123

1
245 66

3
161 235
170 95
210 181

5
18 12
53 151
65 163
69 226
238 89

4
43 117
54 249
202 214
228 98

5
50 27
85 120
130 90
222 79
242 205

4
16 19
219 48
223 164
248 77

5
50 11
130 204
198 22
222 83
230 12

2
44 236
233 27

3
111 127
145 99
195 7

5
35 204
49 171
74 203
97 161
172 121

2
13 18
155 174

2
45 176
184 197

1
76 27

4
1 16
67 137
159 204
179 195

5
23 68
50 45
93 76
100 78
148 160

5
48 139
69 216
115 88
210 102
212 143

4
5 92
40 39
50 229
78 159

3
43 23
117 120
230 26

5
42 155
90 221
154 221
176 127
203 217

4
41 83
47 157
155 234
236 46

1
113 239

4
11 131
43 96
46 151
87 114

1
177 133

5
115 10
139 50
149 2
224 9
250 62

2
181 48
224 132

1
204 159

3
132 239
169 28
205 30

2
24 15
125 79

4
34 101
81 245
140 230
225 156

5
3 117
17 189
48 198
199 56
243 149

5
49 96
68 107
179 114
217 97
218 170

1
238 150

3
65 101
132 138
235 221

4
23 206
99 217
153 40
215 131

1
117 201

2
5 172
123 64

1
161 19

5
14 56
51 206
183 35
218 42
230 91

3
50 140
141 223
198 140

5
9 82
70 125
106 226
148 147
206 24

1
26 54

3
31 153
84 188
88 201

2
46 42
221 77

4
58 83
103 79
204 15
233 95

3
112 39
204 168
219 221

3
73 117
120 32
180 109

3
163 4
204 126
240 27

4
28 44
117 78
129 237
229 85

4
17 198
63 148
183 124
203 245

2
154 197
222 53

1
118 98

1
109 48

2
70 71
230 73

1
158 135

2
110 227
180 211

1
128 46

4
38 51
120 30
127 104
136 177

4
67 148
145 92
239 67
243 217

4
4 139
113 222
190 65
224 22

2
57 161
205 23

3
44 177
154 235
155 103

1
171 18

5
51 186
73 91
93 43
155 244
197 213

1
126 20

5
39 188
76 116
115 226
125 130
172 240

2
86 23
139 160

5
7 181
8 21
110 19
128 109
209 126

2
91 116
152 191

2
36 116
204 185

2
1 177
24 127

3
25 154
143 87
241 166

1
134 71

3
8 208
75 193
132 138

5
36 74
78 30
145 31
149 112
201 100

3
19 207
23 190
233 86

4
105 34
163 248
165 54
207 111

1
33 74

4
30 235
103 103
139 187
153 117

5
19 194
111 181
163 44
181 222
187 21

1
146 12

2
186 107
227 104

2
162 138
247 5

2
101 125
245 69

4
41 1
86 85
136 51
220 188

4
44 125
163 108
199 104
226 227

5
7 43
29 138
169 229
205 227
230 59

3
42 179
240 55
245 121

2
52 57
135 235

3
77 160
155 91
199 99

1
171 122

5
10 172
69 57
78 203
188 32
204 37

1
38 110

4
13 78
25 195
73 188
90 244

3
59 177
134 79
235 228

2
205 208
207 186

5
44 4
48 54
90 167
140 53
196 75

3
119 103
148 59
217 175

3
60 247
207 130
216 249

1
133 249

3
40 47
224 151
250 100

1
139 198

4
111 58
193 32
224 121
241 20

5
51 162
55 149
79 232
170 146
246 44

1
43 178

3
18 115
46 219
100 107

2
94 94
153 83

4
20 79
68 185
117 132
176 124

2
12 47
171 145

5
15 144
58 78
112 138
123 249
212 63

5
21 208
89 51
111 222
200 164
229 112

5
66 66
87 164
99 192
172 116
182 152

5
32 116
48 189
108 75
239 55
240 249

4
46 168
54 103
61 155
202 9

3
15 46
195 3
197 180

4
4 163
59 111
137 147
161 181

1
180 120

3
155 32
168 223
187 122

5
18 160
63 248
69 20
174 151
218 121

5
15 215
26 102
30 140
32 203
72 110

5
67 158
112 215
115 232
178 208
228 6

1
231 29

1
202 178

4
43 182
108 206
131 21
169 142

5
26 234
47 25
177 143
193 108
219 24

5
30 63
78 201
111 32
183 244
233 228

1
191 117

1
160 121

1
63 35

1
198 16

2
85 202
188 204

4
34 26
50 194
145 222
195 45

2
190 165
201 33

5
34 152
60 107
86 211
121 70
139 98

1
26 198

4
92 111
101 197
178 225
246 89

5
33 81
58 111
62 114
106 66
225 125

4
90 111
142 147
185 117
245 88

3
46 161
110 4
181 244

1
198 197

5
65 48
76 104
110 47
118 69
229 163

4
33 109
41 134
115 5
162 125

5
27 38
51 13
118 226
200 32
202 167

1
234 38

4
89 99
167 72
174 177
230 219

1
22 14

5
33 236
68 227
137 64
153 70
154 96

3
53 167
67 55
126 238

3
36 149
52 33
166 242

4
20 180
64 239
153 212
176 210

5
27 210
45 101
117 111
141 14
225 209

5
7 133
81 177
145 214
157 127
190 81

1
39 203

5
27 98
105 12
133 84
181 178
210 207

5
46 117
56 141
76 130
85 104
193 94

1
157 31

5
57 6
149 129
180 3
193 12
216 151

2
124 34
248 211

4
12 47
149 247
164 153
213 81

4
9 47
26 47
143 241
245 182

1
248 85

3
64 105
101 169
162 250

5
106 212
174 212
198 192
213 124
226 120

2
17 196
106 107

5
48 5
126 24
185 97
212 159
231 171

2
111 196
120 131

3
18 43
104 108
139 180

3
13 208
110 140
195 175

4
67 72
69 104
133 169
134 73

3
85 249
125 99
180 157

4
45 59
78 187
113 79
138 128

2
120 14
131 62

2
25 96
162 52

1
100 115

5
2 66
37 247
84 125
87 208
143 47

5
59 98
64 164
136 155
177 43
220 57

4
45 95
58 143
156 99
245 198

5
20 71
62 103
126 4
136 188
142 235

1
127 122

2
140 125
142 64

1
211 31

3
12 29
78 36
99 171

4
39 159
69 27
115 56
187 45

2
91 179
249 158

2
107 82
175 9

4
45 250
101 155
139 173
169 85

1
68 154

5
51 31
108 239
178 33
185 40
247 133

2
46 206
227 91

5
97 82
107 15
157 195
165 245
236 216

1
28 43

3
1 21
44 204
196 221

2
206 219
217 205

4
17 120
36 100
115 5
134 192

3
54 219
63 198
205 138

3
29 102
201 85
232 46

3
27 111
74 212
119 148

5
60 209
165 209
185 29
195 236
197 101

4
35 158
104 26
116 125
125 237

2
54 234
76 118

5
65 217
69 156
106 167
113 109
250 214

1
148 103

3
45 53
160 184
170 131

1
4 222

3
59 71
236 223
243 54

3
23 102
146 215
247 6

1
113 90

5
80 169
105 7
141 237
164 194
244 200

1
159 49

2
38 13
145 137

1
188 40

1
97 68

4
47 219
66 111
83 11
138 114

4
41 155
56 41
61 30
86 187

1
199 6

5
27 146
51 63
71 75
74 245
213 127

4
145 181
194 93
203 178
207 60

1
232 70

5
41 88
50 222
107 186
110 207
116 225

2
42 77
160 68

4
134 216
139 193
140 100
188 106

3
32 195
67 163
147 3

2
166 127
222 76

4
33 226
88 240
111 235
195 25

5
46 171
79 28
127 39
137 26
203 118

5
71 162
85 135
126 217
153 178
178 228

5
27 162
33 156
101 62
157 103
197 42

4
27 113
187 107
203 119
218 89

5
126 56
202 83
208 237
209 107
239 133

2
107 98
200 137

1
193 118

5
88 120
128 227
155 79
156 5
241 13

1
39 85

4
49 143
54 205
109 90
118 171

4
1 184
93 189
180 241
243 126

1
161 200

2
95 192
141 2

5
36 211
47 232
87 99
168 51
240 13

2
2 60
89 75

5
142 250
146 131
228 86
240 210
250 177

4
16 127
154 24
226 158
228 232

2
75 225
246 88

4
59 235
147 129
200 68
227 250

4
49 30
161 198
187 178
212 154

5
38 37
225 148
233 250
237 184
247 137

5
21 36
146 29
233 154
240 235
250 54

5
11 170
125 149
176 137
213 175
234 172

3
58 35
105 214
109 207

2
152 101
185 95

2
38 157
212 179

5
33 218
35 66
55 24
79 134
127 112

5
39 165
55 110
94 220
127 204
197 29

2
24 190
201 199

2
189 186
231 125

1
235 123

3
55 122
65 175
225 152

4
28 119
97 4
154 143
182 15

1
117 67

5
29 181
100 187
135 7
139 212
147 167

3
11 53
152 126
184 144

4
9 110
111 207
124 102
177 89

5
33 3
60 183
202 95
213 10
221 170

2
167 161
201 193

2
47 181
120 86

3
29 228
117 105
250 222

3
3 5
21 196
238 172

2
196 68
237 55

2
68 72
171 177

1
247 249

5
18 179
119 46
161 147
196 75
205 171

5
20 62
39 15
157 77
226 126
229 219

4
184 70
203 146
221 195
245 54

4
118 189
173 227
195 4
209 129

3
17 128
47 100
122 137

5
28 36
35 176
116 206
193 122
220 55

5
4 141
57 18
63 105
199 152
214 146

2
84 55
109 22

2
200 96
244 30

5
120 202
131 17
190 175
196 166
220 180

4
15 211
38 232
132 91
171 106

5
22 156
58 118
67 222
116 186
150 224

4
150 141
154 122
190 52
203 32

3
77 184
100 66
250 224

4
6 14
101 139
104 148
211 44

2
110 140
146 243

4
38 177
100 193
125 67
211 6

2
25 247
230 46

1
78 17

3
13 230
48 114
249 174

2
33 30
126 102

4
27 218
76 25
82 94
85 245

2
147 49
222 177

5
8 226
142 46
157 35
159 59
181 181

2
140 88
216 78

2
8 203
24 173

2
56 144
181 34

5
24 109
71 188
172 39
238 8
246 181

1
154 54

3
7 122
28 67
163 158

3
102 245
106 64
214 77

1
110 61

1
193 25

2
26 91
89 26

5
13 42
18 86
50 242
133 222
211 169

2
183 179
245 237

3
68 44
111 126
191 109

5
14 28
140 240
181 29
219 35
225 151

4
13 228
106 27
166 1
211 29

5
35 158
61 157
61 181
85 61
211 225

5
52 47
57 189
125 175
130 23
158 75

2
12 123
134 212

2
4 84
63 188

3
39 74
141 6
247 185

2
34 98
154 115

5
18 247
58 153
100 27
101 245
198 146

4
48 119
69 155
167 236
227 94

3
53 144
147 43
211 121

3
71 232
81 24
108 125

2
92 237
200 53

2
211 234
229 66

2
15 230
137 1

1
110 64

3
50 46
117 137
194 207

5
37 183
62 57
134 239
160 40
211 31

2
109 167
241 169

2
59 93
209 127

3
107 185
242 12
244 133

5
11 54
64 20
73 34
89 75
201 95

2
15 95
227 107

2
74 47
122 113

2
46 48
220 203

3
8 15
117 114
181 219

5
34 137
64 231
66 169
99 44
141 92

1
204 222

3
80 223
226 99
244 105

5
2 108
6 181
17 237
154 41
162 85

3
136 241
216 19
232 171

2
52 206
233 12

1
248 100

4
32 133
50 64
51 240
169 213

5
3 95
109 228
152 177
175 178
197 54

2
56 123
235 156

4
16 133
84 88
126 242
173 61

3
89 201
95 194
111 46

5
8 222
21 180
64 175
97 1
216 71

5
74 62
142 103
153 78
156 200
206 154

3
89 211
90 239
204 93

4
43 110
70 52
203 124
204 87

3
24 229
93 172
156 131

5
68 228
110 85
118 108
121 246
132 13

2
20 40
57 74

1
178 65

5
15 237
63 182
79 79
116 238
176 134

4
91 233
145 119
175 195
201 24

2
44 136
229 121

4
117 209
130 202
139 37
152 222

4
97 98
100 160
116 163
248 78

4
64 59
71 62
146 63
242 147

3
77 204
83 161
101 24

2
63 46
236 45

5
49 84
93 39
200 157
208 30
224 238

2
129 185
203 4

4
52 53
119 155
170 70
219 161

1
125 42

3
64 26
214 183
218 88

2
61 248
133 29

2
30 67
60 222

1
37 117

3
56 98
141 41
245 111

3
45 242
167 200
214 112

2
26 160
191 140

5
2 107
174 13
183 221
202 245
210 211

1
101 65

3
76 153
105 94
246 145

3
4 28
122 224
183 140

1
38 89

5
33 236
42 106
174 157
175 115
181 151

3
12 143
33 178
166 40

2
87 40
246 102

3
73 249
124 119
227 245

1
160 7

4
62 243
168 102
201 157
210 19

5
71 124
110 189
113 17
208 19
248 215

3
29 94
36 237
57 207

4
77 100
151 8
212 74
228 87

3
44 213
47 187
109 147

1
149 8

1
167 171

3
32 12
55 225
249 59

2
91 103
191 79

3
99 56
176 141
214 103

1
35 76

5
6 239
117 102
142 93
226 247
227 211

2
106 117
193 167

2
94 217
190 186

4
27 61
72 23
86 169
134 58

1
94 196

2
87 8
203 136

2
1 9
30 194

5
68 31
141 118
145 47
236 119
242 73

4
38 124
93 108
100 31
142 244

2
88 161
153 118

4
75 65
90 152
134 28
229 123

5
24 145
89 114
102 113
130 38
166 96

5
29 201
51 245
62 85
136 71
202 48

3
112 200
160 99
167 52

4
32 21
61 155
190 228
215 218

3
14 24
173 125
192 180

4
19 55
147 163
221 107
249 23

4
88 238
117 231
207 57
229 130

5
24 100
68 9
80 231
98 189
234 189

4
10 50
20 190
179 106
189 137

5
40 240
73 217
101 19
137 27
234 211

4
97 96
157 146
190 86
217 24

2
126 63
226 125

3
2 119
126 184
147 44

3
1 20
91 188
192 218

2
144 202
219 148

4
133 52
136 185
187 164
247 101

5
28 120
34 187
75 51
89 225
207 177

4
31 27
41 120
89 3
139 56

4
24 174
52 229
78 236
195 238

2
107 131
119 110

2
113 72
119 185

1
107 76

1
244 6

3
159 75
205 221
226 10

5
92 92
114 9
222 65
224 42
228 175

2
33 53
35 46

3
59 158
103 86
169 59

2
134 149
245 49

3
98 37
150 185
156 206

3
12 202
50 155
61 148

2
176 246
216 3

2
7 178
138 211

1
156 12

5
72 177
89 198
132 234
152 44
178 96

4
135 242
156 216
179 116
246 138

5
14 197
30 169
212 28
230 126
242 151

3
18 69
61 205
225 211

1
134 188

2
206 77
224 122

4
5 250
8 163
70 149
103 121

2
15 146
117 165

1
98 6

4
121 91
156 224
177 202
238 202

4
7 133
41 201
197 111
234 66

1
69 239

2
16 173
214 145

3
61 137
84 99
228 1

4
46 223
105 205
156 161
250 123

4
37 102
69 149
100 27
156 182

4
113 235
118 10
206 144
217 225

2
91 237
146 100

5
85 136
87 141
200 131
238 196
242 52

4
13 132
116 237
187 135
205 120

3
5 183
67 5
113 53

4
24 41
93 64
95 166
249 55

3
28 88
29 57
62 202

1
3 16

2
73 130
189 100

1
153 135

4
5 37
31 231
182 20
236 122

1
33 165

3
222 159
228 219
248 196

3
94 97
173 136
224 134

1
174 241

5
12 147
97 90
129 54
202 214
238 15

2
144 3
168 17

2
201 179
227 248

5
67 187
94 236
104 15
186 28
198 130

3
7 180
167 237
210 12

3
57 26
171 87
190 201

2
75 54
76 232

5
4 189
8 180
190 206
233 67
243 30

3
37 41
97 107
228 108

3
61 226
153 105
229 53

1
143 75

3
8 185
81 143
99 129

4
9 6
17 19
37 37
65 51

2
10 186
132 191

3
47 61
174 143
217 161

1
186 42

4
1 40
141 148
172 86
229 226

4
4 9
93 194
100 80
214 13

1
60 26

2
112 12
238 173

4
44 14
109 145
129 75
224 195

3
19 246
37 149
98 15

1
214 90

5
19 157
28 226
147 52
213 38
244 186

5
36 152
42 152
81 22
185 43
227 22

4
47 38
93 154
120 244
184 137

4
73 57
74 139
202 221
231 164

4
56 26
83 47
198 231
244 27

2
26 246
119 181

2
117 175
248 117

2
23 235
186 187

5
20 57
122 151
129 34
152 112
213 250

1
90 210

2
101 18
204 181

1
1 84

4
1 216
55 249
90 33
130 202

4
27 243
35 151
218 37
247 4

5
6 11
30 7
47 24
110 88
244 148

5
7 78
33 155
68 87
76 198
179 218

5
38 55
52 103
75 123
93 3
139 101

5
8 163
23 170
45 232
176 84
209 30

4
19 77
29 205
224 102
224 182

4
87 236
119 127
159 104
162 74

3
144 57
189 2
202 242

2
10 118
83 61

4
41 33
111 17
134 118
145 145

2
34 191
81 66

2
137 243
159 113

2
25 239
125 143

4
155 171
182 120
192 66
220 179

4
112 100
121 31
167 162
222 54

4
29 28
114 188
117 119
138 226

3
40 125
61 145
97 64

5
13 29
60 132
113 112
115 157
188 17

3
1 172
18 154
26 155

2
56 243
197 204

5
168 183
175 12
186 241
192 19
224 107

1
199 65

5
106 35
164 113
184 12
234 4
243 230

5
46 180
49 136
124 245
199 173
214 39

1
111 45

4
45 171
81 175
92 170
177 229

3
7 80
128 211
184 85

3
40 153
231 10
238 56

2
173 198
177 244

1
112 54

1
101 183

1
239 69

1
56 227

2
58 218
62 71

1
194 22

3
35 87
104 80
140 176

1
189 52

5
65 218
118 84
122 192
138 236
165 118

3
13 6
40 171
84 137

5
42 153
139 58
202 213
211 186
212 79

5
157 19
177 112
179 97
179 212
227 11

5
5 150
107 166
128 138
215 96
222 204

2
150 54
187 239

2
16 164
117 111

1
30 54

3
149 236
164 212
235 125

1
46 187

5
24 43
135 169
140 29
176 17
209 78

4
29 181
139 175
167 69
176 56

4
38 129
73 30
97 108
130 200

4
101 12
142 45
155 98
166 14

5
99 141
105 214
171 56
178 12
200 13

3
53 140
121 132
150 48

2
7 3
97 165

5
13 174
22 159
170 142
207 16
228 92

2
102 168
235 72

3
47 189
51 132
170 220

2
87 199
131 245

2
133 175
221 58

4
3 6
61 152
117 102
139 81

5
34 175
38 249
130 226
132 225
170 138

1
119 22

3
32 17
184 182
190 216

2
4 245
199 241

4
89 188
200 65
203 139
215 120

5
18 80
32 1
110 250
180 182
201 141

2
143 76
156 100

2
29 192
185 111

3
42 205
98 189
228 7

5
148 33
150 30
169 100
211 141
224 242

5
7 67
191 101
244 98
246 180
249 4

3
119 95
142 47
160 169

3
57 242
88 117
96 132

3
36 41
139 154
227 174

3
17 80
20 99
51 229

1
19 146

4
7 23
23 13
182 150
248 189

4
55 176
98 70
119 62
212 183

4
27 129
61 242
81 241
106 181

1
199 250

5
11 41
61 60
111 176
121 86
219 63

2
126 144
229 128

4
75 219
102 142
121 22
158 189

4
53 102
131 69
222 129
224 47

4
161 2
182 75
215 213
239 234

4
59 39
69 49
92 51
151 72

5
99 40
117 223
133 149
165 216
179 144

4
20 15
75 216
199 18
206 96

4
58 136
145 170
184 222
245 125

2
27 220
104 133

2
107 186
148 66

3
122 51
147 216
198 26

3
2 170
16 94
41 71

5
67 204
77 108
134 71
242 103
244 174

3
10 37
12 64
189 153

3
46 18
72 223
211 73

3
19 91
100 23
232 189

5
19 13
99 236
175 170
210 79
211 226

1
85 110

5
39 176
52 126
65 209
77 152
169 135

1
165 102

4
8 234
36 116
47 7
69 243

3
25 137
107 160
187 205

4
18 25
47 89
155 104
196 145

5
48 223
49 114
101 34
103 112
139 24

4
54 173
60 43
80 238
229 47

1
113 29

1
130 197

4
29 40
63 135
111 46
128 240

4
1 59
50 68
148 74
237 97

5
3 38
27 134
117 131
156 105
207 193

2
77 49
209 192

2
221 156
239 136

5
48 134
86 59
179 154
209 92
211 222

5
93 87
117 215
180 72
203 159
228 155

4
3 125
106 184
134 38
167 97

2
23 119
121 239

3
6 221
82 165
189 80

3
65 88
221 12
238 10

1
184 39

5
102 191
174 18
175 74
223 9
246 205

5
90 220
112 122
135 54
228 199
232 126

5
26 204
55 110
81 67
140 152
234 11

2
144 235
197 59

3
8 188
152 85
228 164

3
12 106
187 153
226 234

2
197 193
221 163

1
151 161

5
95 238
108 180
128 132
199 121
227 173

5
137 142
143 131
173 17
199 163
219 153

3
143 231
167 247
243 227

3
38 29
205 107
236 190

3
148 103
186 244
195 244

1
102 186

1
102 186

1
10 116

5
6 43
41 197
118 126
121 203
224 21

3
124 36
139 129
186 170

2
53 105
177 56

3
2 209
73 200
141 95

3
53 241
188 111
190 2

4
79 198
109 138
141 38
147 170

5
2 243
24 182
119 204
168 137
222 208

1
235 112

4
22 218
60 118
126 101
226 54

4
23 188
81 1
161 47
171 156

4
187
332
417
761

4
26
101
903
933

5
273
286
316
340
863

2
738
909

1
786

3
6
672
845

2
72
789

5
279
630
723
752
853

2
92
516

1
352

1
566

1
628

3
115
380
954

5
228
297
315
318
675

1
728

1
484

4
48
558
814
872

1
495

4
68
172
215
337

5
147
195
245
545
798

2
590
809

5
5
141
577
678
728

2
94
95

2
29
397

1
943

2
487
530

2
96
228

3
569
750
836

4
5
265
460
488

5
73
206
408
833
966

3
36
386
912

2
237
850

2
92
676

4
588
702
756
889

4
164
253
722
836

1
668

5
356
389
457
543
707

4
97
382
893
985

1
626

3
78
631
806

1
440

3
150
606
777

4
473
564
807
889

4
58
90
566
933

1
655

3
524
544
611

4
398
404
416
810

1
288

1
411

5
53
99
413
488
618

3
211
253
464

1
688

4
14
224
769
994

1
469

5
105
179
224
364
888

2
741
757

4
331
340
376
552

3
163
420
483

2
460
470

4
353
398
473
859

3
46
95
767

5
112
312
629
837
975

1
635

5
358
412
653
715
983

5
42
98
260
371
561

4
83
793
911
996

4
199
643
945
956

5
136
439
454
481
762

4
390
415
416
456

3
348
793
904

2
590
961

3
58
562
820

1
223

2
128
378

4
450
455
650
782

3
160
381
829

3
198
322
401

1
48

3
314
425
790

1
936

1
899

1
301

2
105
424

4
247
259
696
806

1
370

5
130
479
519
533
597

1
905

2
491
525

3
152
463
560

2
456
901

4
105
388
451
465

4
409
500
893
942

2
111
515

3
94
168
637

2
226
422

1
980

1
521

4
245
703
929
937

4
88
684
868
906

1
89

