1
250 250 12 2 10
5 80
1
165 122

2
100 147
213 249

4
207 5
214 235
61 68
237 64

2
114 9
142 114

4
198 136
119 163
186 130
126 36

4
60 163
27 210
149 193
166 91

3
103 159
19 13
39 77

2
141 106
166 186

4
157 191
27 5
7 168
82 128

5
112 97
204 69
245 93
119 8
120 71

1
110 167

1
4 99

4
100 152
70 192
29 86
78 73

3
206 21
140 25
14 219

4
247 142
34 94
248 110
179 26

4
9 226
66 153
81 84
99 95

2
25 61
173 205

5
97 30
189 170
202 147
202 137
62 176

2
113 18
184 88

2
16 186
25 128

4
87 211
23 60
183 221
94 89

4
107 153
181 44
54 228
244 107

3
167 60
191 126
239 110

4
85 84
162 45
155 227
113 25

4
108 39
161 19
201 233
178 98

4
180 246
66 177
34 214
155 148

2
140 86
30 173

5
102 105
169 156
205 37
142 82
244 241

2
87 222
247 149

4
187 148
174 126
199 153
195 114

4
197 23
196 46
27 65
143 53

2
175 137
103 87

1
221 179

2
74 97
207 155

1
176 226

3
238 157
207 172
223 172

1
134 5

5
71 221
2 60
130 85
213 199
20 173

2
66 83
244 170

3
240 172
208 151
27 28

2
250 158
78 203

5
88 215
137 213
10 173
73 29
51 151

5
104 163
154 46
165 68
159 91
61 181

1
67 140

1
218 2

2
192 159
160 167

3
202 89
145 217
193 135

4
211 69
80 207
174 83
115 2

4
83 189
82 71
215 201
182 181

4
37 241
12 33
147 204
138 224

4
204 22
65 211
11 20
139 228

3
106 77
16 1
48 220

3
218 248
202 92
224 14

4
219 62
131 147
169 139
35 247

4
16 61
114 97
109 12
135 196

4
60 119
195 30
115 52
73 124

3
38 56
36 250
225 151

1
21 30

4
69 5
143 224
80 165
115 182

4
20 94
134 112
212 104
172 234

2
194 45
48 129

3
37 99
80 248
128 55

2
241 17
204 121

4
87 72
33 12
244 95
14 54

5
248 22
57 223
192 202
210 236
78 206

3
17 237
118 26
58 185

2
160 21
12 229

1
240 66

2
103 150
44 103

3
179 16
215 98
219 195

2
176 76
130 160

5
2 139
108 100
185 116
111 250
6 166

5
152 113
207 120
61 218
63 202
114 192

1
208 42

2
161 105
89 24

3
168 130
99 240
60 54

4
69 4
243 224
48 224
218 149

1
41 226

4
95 165
10 143
166 119
217 118

3
67 160
70 3
228 227

