1
250 250 12 2 10
5 50
5
171 116
176 239
29 119
201 230
244 226

5
10 58
248 227
34 55
85 188
150 231

1
24 65

1
65 209

2
84 3
199 250

5
159 189
114 200
215 98
136 161
101 1

2
237 91
144 38

5
128 235
93 117
198 59
20 37
115 167

4
153 68
73 41
85 179
146 23

4
93 243
10 83
161 156
147 86

4
125 181
172 3
11 239
174 246

1
156 84

2
107 152
155 193

5
245 141
53 139
122 85
182 71
123 177

3
68 114
17 138
31 221

3
173 132
69 120
238 95

5
112 67
238 28
76 142
166 24
153 62

3
63 142
219 45
29 185

4
216 8
210 13
187 155
154 229

2
58 96
96 80

5
163 217
3 29
118 214
127 133
38 128

3
104 222
142 220
91 61

1
78 172

5
69 71
110 243
143 234
95 221
185 40

2
208 23
37 76

1
160 71

1
33 114

3
70 55
210 85
54 32

2
91 35
225 99

1
1 37

5
224 165
68 23
29 46
126 214
87 66

4
225 150
106 13
32 52
150 91

1
225 66

4
94 90
26 26
33 101
113 160

4
9 125
49 213
183 121
84 119

2
102 32
238 76

3
125 157
191 198
10 129

5
153 160
125 170
142 62
227 133
30 168

5
234 30
72 68
53 207
200 32
186 12

5
233 233
78 87
110 145
123 233
225 99

4
93 134
244 226
246 46
75 132

3
205 217
130 197
126 245

3
162 46
23 67
237 117

3
110 167
134 76
93 146

5
191 115
79 192
63 83
237 241
78 40

5
43 80
226 124
15 163
71 221
153 247

4
158 191
240 62
75 61
29 172

3
169 74
204 103
65 166

3
54 170
111 42
131 222

2
36 103
197 155

